1,0,0,0,0,0,0,0:1~0,0,0,0,0,0,1,0:1~3ff0000000000000,0000000000000000~3c91a62633145c07,3ff0000000000000~3ff0000000000000~3ff0000000000000~3fe6a09e667f3bcd~3ff0000000000000~1,0,0,0,1~8~3~1~4	4,4,4,4		4~0~0~-1,0,0,0,0,0,-1,0:1;0,0,0,0,0,0,-1,0:1;0,0,0,0,0,0,0,0:1;-1,0,0,0,0,0,0,0:1~0,6,12,18
1,0,0,0,0,0,0,0:1~0,0,0,0,1,0,0,0:1~3ff0000000000000,0000000000000000~3fe0000000000001,3febb67ae8584caa~3febb67ae8584caa~3ff0000000000000~3fe279a74590331d~3febb67ae8584caa~0,0,1,0,2~12~4~1~3	3,3,3,3,3,3		3~0~0~-1,0,0,0,-1,0,0,0:1;0,0,0,0,-1,0,0,0:1;-1,0,0,0,0,0,0,0:1~0,8,16|3~0~0~0,0,0,0,-1,0,0,0:1;0,0,0,0,0,0,0,0:1;-1,0,0,0,0,0,0,0:1~4,12,20
1,0,0,0,0,0,0,0:1~0,0,0,0,1,0,0,0:1~3ff0000000000000,0000000000000000~3fe0000000000001,3febb67ae8584caa~3febb67ae8584caa~3ff0000000000000~3fe279a74590331d~3febb67ae8584caa~0,0,1,0,2~12~4~1~3	3,3,3,3,3,3		3~0~0~-1,0,0,0,-1,0,0,0:1;0,0,0,0,-1,0,0,0:1;-1,0,0,0,0,0,0,0:1~0,8,16
1,0,0,0,1,0,0,0:1~-1,0,0,0,2,0,0,0:1~3ff8000000000000,3febb67ae8584caa~3cb0000000000000,3ffbb67ae8584caa~4004c8dc2e423980~3ffbb67ae8584caa~3ff0000000000001~4004c8dc2e423980~0,0,3,0,2~12~3~1~6	6,6,6		6~0~0~-1,0,0,0,-1,0,0,0:1;0,0,0,0,-1,0,0,0:1;0,0,0,0,0,0,0,0:1;-1,0,0,0,1,0,0,0:1;-2,0,0,0,1,0,0,0:1;-2,0,0,0,0,0,0,0:1~0,4,8,12,16,20
1,0,2,0,0,0,-1,0:1~0,0,1,0,1,0,1,0:1~4005db3d742c2656,bca0000000000000~3ff5db3d742c2656,4002ed9eba16132a~4019db3d742c2655~4005db3d742c2656~3ff0000000000001~4019db3d742c2655~3,0,2,0,1~12~17~1~3,4,6	3,4,6,4		3~0~0~-1,0,-1,0,1,0,2,0:1;0,0,-1,0,1,0,2,0:1;-1,0,-1,0,2,0,2,0:1~0,8,16|4~0~0~-1,0,-1,0,1,0,2,0:1;-1,0,-1,0,2,0,2,0:1;-1,0,-2,0,2,0,3,0:1;-1,0,-2,0,1,0,3,0:1~4,10,16,22|6~0~0~-1,0,-1,0,1,0,2,0:1;-1,0,-2,0,1,0,3,0:1;-1,0,-3,0,1,0,3,0:1;-1,0,-3,0,1,0,2,0:1;-1,0,-2,0,1,0,1,0:1;-1,0,-1,0,1,0,1,0:1~10,14,18,22,2,6|4~0~0~-1,0,-1,0,1,0,2,0:1;-1,0,-1,0,1,0,1,0:1;0,0,-1,0,1,0,1,0:1;0,0,-1,0,1,0,2,0:1~18,0,6,12|4~0~0~0,0,-1,0,1,0,2,0:1;0,0,0,0,1,0,2,0:1;-1,0,0,0,2,0,2,0:1;-1,0,-1,0,2,0,2,0:1~2,8,14,20|3~0~0~0,0,-1,0,0,0,1,0:1;0,0,-1,0,1,0,1,0:1;-1,0,-1,0,1,0,1,0:1~4,12,20
1,0,2,0,0,0,-1,0:1~0,0,1,0,1,0,1,0:1~4005db3d742c2656,bca0000000000000~3ff5db3d742c2656,4002ed9eba16132a~4019db3d742c2655~4005db3d742c2656~3ff0000000000001~4019db3d742c2655~3,0,2,0,1~12~17~1~3,4,6	3,4,6,4		3~0~0~-1,0,-1,0,1,0,2,0:1;0,0,-1,0,1,0,2,0:1;-1,0,-1,0,2,0,2,0:1~0,8,16|4~0~0~-1,0,-1,0,1,0,2,0:1;-1,0,-1,0,2,0,2,0:1;-1,0,-2,0,2,0,3,0:1;-1,0,-2,0,1,0,3,0:1~4,10,16,22|6~0~0~-1,0,-1,0,1,0,2,0:1;-1,0,-2,0,1,0,3,0:1;-1,0,-3,0,1,0,3,0:1;-1,0,-3,0,1,0,2,0:1;-1,0,-2,0,1,0,1,0:1;-1,0,-1,0,1,0,1,0:1~10,14,18,22,2,6|4~0~0~-1,0,-1,0,1,0,2,0:1;-1,0,-1,0,1,0,1,0:1;0,0,-1,0,1,0,1,0:1;0,0,-1,0,1,0,2,0:1~18,0,6,12
2,0,0,0,0,0,0,0:1~0,0,0,0,2,0,0,0:1~4000000000000000,0000000000000000~3ff0000000000001,3ffbb67ae8584caa~400bb67ae8584caa~4000000000000000~3ff0000000000001~400bb67ae8584caa~0,0,2,0,1~12~10~1~3,6	3,6,3,6		3~0~0~-2,0,0,0,-2,0,0,0:1;-1,0,0,0,-2,0,0,0:1;-2,0,0,0,-1,0,0,0:1~0,8,16|6~0~0~0,0,0,0,-2,0,0,0:1;0,0,0,0,-1,0,0,0:1;-1,0,0,0,0,0,0,0:1;-2,0,0,0,0,0,0,0:1;-2,0,0,0,-1,0,0,0:1;-1,0,0,0,-2,0,0,0:1~4,8,12,16,20,0|3~0~0~0,0,0,0,0,0,0,0:1;-1,0,0,0,0,0,0,0:1;0,0,0,0,-1,0,0,0:1~12,20,4
2,0,0,0,0,0,0,0:1~0,0,0,0,2,0,0,0:1~4000000000000000,0000000000000000~3ff0000000000001,3ffbb67ae8584caa~400bb67ae8584caa~4000000000000000~3ff0000000000001~400bb67ae8584caa~0,0,2,0,1~12~10~1~3,6	3,6,3,6		3~0~0~-2,0,0,0,-2,0,0,0:1;-1,0,0,0,-2,0,0,0:1;-2,0,0,0,-1,0,0,0:1~0,8,16
1,0,3,0,1,0,0,0:1~-1,0,0,0,2,0,3,0:1~4010646e17211cc0,4002ed9eba16132a~3cbd3c9ca64f4505,4012ed9eba16132a~4033646e17211cbf~4012ed9eba16132a~3ffee8dd4748bf16~4033646e17211cbf~9,0,6,0,1~12~22~1~4,6,12	12,4,6		4~0~0~-1,0,-3,0,-1,0,0,0:1;0,0,-3,0,-1,0,0,0:1;0,0,-3,0,-1,0,1,0:1;-1,0,-3,0,-1,0,1,0:1~0,6,12,18|6~0~0~-1,0,0,0,2,0,3,0:1;-1,0,0,0,2,0,4,0:1;-1,0,-1,0,2,0,5,0:1;-1,0,-2,0,2,0,5,0:1;-1,0,-2,0,2,0,4,0:1;-1,0,-1,0,2,0,3,0:1~6,10,14,18,22,2|12~0~0~-2,0,-3,0,1,0,3,0:1;-2,0,-4,0,1,0,3,0:1;-2,0,-4,0,0,0,3,0:1;-2,0,-4,0,0,0,2,0:1;-1,0,-4,0,-1,0,2,0:1;-1,0,-3,0,-1,0,1,0:1;0,0,-3,0,-1,0,1,0:1;0,0,-2,0,-1,0,1,0:1;0,0,-2,0,0,0,1,0:1;0,0,-2,0,0,0,2,0:1;-1,0,-2,0,1,0,2,0:1;-1,0,-3,0,1,0,3,0:1~14,16,18,20,22,0,2,4,6,8,10,12|4~0~0~-1,0,-1,0,2,0,3,0:1;-1,0,-2,0,2,0,4,0:1;-1,0,-2,0,1,0,4,0:1;-1,0,-1,0,1,0,3,0:1~10,16,22,4|6~0~0~-1,0,-3,0,1,0,3,0:1;-1,0,-2,0,1,0,2,0:1;-1,0,-1,0,1,0,2,0:1;-1,0,-1,0,1,0,3,0:1;-1,0,-2,0,1,0,4,0:1;-1,0,-3,0,1,0,4,0:1~22,2,6,10,14,18|4~0~0~0,0,-1,0,0,0,2,0:1;-1,0,-1,0,1,0,2,0:1;-1,0,-2,0,1,0,2,0:1;0,0,-2,0,0,0,2,0:1~8,14,20,2
1,0,3,0,1,0,0,0:1~-1,0,0,0,2,0,3,0:1~4010646e17211cc0,4002ed9eba16132a~3cbd3c9ca64f4505,4012ed9eba16132a~4033646e17211cbf~4012ed9eba16132a~3ffee8dd4748bf16~4033646e17211cbf~9,0,6,0,1~12~22~1~4,6,12	12,4,6		4~0~0~-1,0,-3,0,-1,0,0,0:1;0,0,-3,0,-1,0,0,0:1;0,0,-3,0,-1,0,1,0:1;-1,0,-3,0,-1,0,1,0:1~0,6,12,18
3,0,0,0,0,0,0,0:1~0,0,0,0,3,0,0,0:1~4008000000000000,0000000000000000~3ff8000000000002,4004c8dc2e423980~401f2d4a45635640~4008000000000001~3ff0000000000001~401f2d4a45635640~0,0,9,0,2~24~20~2~3,6	3,3,3,3,3,33,3,3,3,6		3~0~0~-3,0,0,0,0,0,0,0:1;-2,0,0,0,0,0,0,0:1;-3,0,0,0,1,0,0,0:1~0,8,16|3~0~0~0,0,0,0,-3,0,0,0:1;0,0,0,0,-2,0,0,0:1;-1,0,0,0,-2,0,0,0:1~4,12,20|3~0~0~-3,0,0,0,0,0,0,0:1;-4,0,0,0,1,0,0,0:1;-4,0,0,0,0,0,0,0:1~8,16,0|3~0~0~0,0,0,0,0,0,0,0:1;-1,0,0,0,0,0,0,0:1;0,0,0,0,-1,0,0,0:1~12,20,4|3~0~0~-3,0,0,0,0,0,0,0:1;-3,0,0,0,-1,0,0,0:1;-2,0,0,0,-1,0,0,0:1~16,0,8|3~0~0~-3,0,0,0,0,0,0,0:1;-2,0,0,0,-1,0,0,0:1;-2,0,0,0,0,0,0,0:1~20,4,12|3~0~0~-5,0,0,0,3,0,0,0:1;-5,0,0,0,2,0,0,0:1;-4,0,0,0,2,0,0,0:1~16,0,8|3~0~0~-5,0,0,0,0,0,0,0:1;-4,0,0,0,-1,0,0,0:1;-4,0,0,0,0,0,0,0:1~20,4,12|6~0~0~-2,0,0,0,-3,0,0,0:1;-1,0,0,0,-3,0,0,0:1;-1,0,0,0,-2,0,0,0:1;-2,0,0,0,-1,0,0,0:1;-3,0,0,0,-1,0,0,0:1;-3,0,0,0,-2,0,0,0:1~0,4,8,12,16,20|3~0~0~-4,0,0,0,4,0,0,0:1;-3,0,0,0,4,0,0,0:1;-4,0,0,0,5,0,0,0:1~0,8,16|3~0~0~-4,0,0,0,4,0,0,0:1;-4,0,0,0,5,0,0,0:1;-5,0,0,0,5,0,0,0:1~4,12,20|3~0~0~-4,0,0,0,0,0,0,0:1;-4,0,0,0,-1,0,0,0:1;-3,0,0,0,-1,0,0,0:1~16,0,8|3~0~0~0,0,0,0,-4,0,0,0:1;-1,0,0,0,-4,0,0,0:1;0,0,0,0,-5,0,0,0:1~12,20,4
4,0,0,0,-1,0,0,0:1~1,0,0,0,3,0,0,0:1~400c000000000000,bfebb67ae8584caa~4004000000000001,4004c8dc2e423980~40268443dcc7be4b~400cd82b446159f4~3ff0000000000001~40268443dcc7be4b~0,0,13,0,2~24~28~2~3,6	3,3,3,3,3,33,3,3,3,6		3~0~0~-4,0,0,0,1,0,0,0:1;-3,0,0,0,1,0,0,0:1;-4,0,0,0,2,0,0,0:1~0,8,16|3~0~0~0,0,0,0,0,0,0,0:1;0,0,0,0,1,0,0,0:1;-1,0,0,0,1,0,0,0:1~4,12,20|3~0~0~-3,0,0,0,4,0,0,0:1;-4,0,0,0,5,0,0,0:1;-4,0,0,0,4,0,0,0:1~8,16,0|3~0~0~0,0,0,0,0,0,0,0:1;-1,0,0,0,0,0,0,0:1;0,0,0,0,-1,0,0,0:1~12,20,4|3~0~0~-4,0,0,0,1,0,0,0:1;-4,0,0,0,0,0,0,0:1;-3,0,0,0,0,0,0,0:1~16,0,8|3~0~0~-1,0,0,0,-3,0,0,0:1;0,0,0,0,-4,0,0,0:1;0,0,0,0,-3,0,0,0:1~20,4,12|3~0~0~-4,0,0,0,-2,0,0,0:1;-4,0,0,0,-3,0,0,0:1;-3,0,0,0,-3,0,0,0:1~16,0,8|3~0~0~-4,0,0,0,-2,0,0,0:1;-3,0,0,0,-3,0,0,0:1;-3,0,0,0,-2,0,0,0:1~20,4,12|6~0~0~-2,0,0,0,4,0,0,0:1;-1,0,0,0,4,0,0,0:1;-1,0,0,0,5,0,0,0:1;-2,0,0,0,6,0,0,0:1;-3,0,0,0,6,0,0,0:1;-3,0,0,0,5,0,0,0:1~0,4,8,12,16,20|3~0~0~-4,0,0,0,5,0,0,0:1;-3,0,0,0,5,0,0,0:1;-4,0,0,0,6,0,0,0:1~0,8,16|3~0~0~0,0,0,0,4,0,0,0:1;0,0,0,0,5,0,0,0:1;-1,0,0,0,5,0,0,0:1~4,12,20|3~0~0~-4,0,0,0,5,0,0,0:1;-5,0,0,0,6,0,0,0:1;-5,0,0,0,5,0,0,0:1~8,16,0|3~0~0~0,0,0,0,4,0,0,0:1;-1,0,0,0,4,0,0,0:1;0,0,0,0,3,0,0,0:1~12,20,4|3~0~0~0,0,0,0,-4,0,0,0:1;-1,0,0,0,-4,0,0,0:1;0,0,0,0,-5,0,0,0:1~12,20,4|3~0~0~-6,0,0,0,4,0,0,0:1;-6,0,0,0,3,0,0,0:1;-5,0,0,0,3,0,0,0:1~16,0,8|3~0~0~-1,0,0,0,6,0,0,0:1;0,0,0,0,5,0,0,0:1;0,0,0,0,6,0,0,0:1~20,4,12|3~0~0~0,0,0,0,1,0,0,0:1;0,0,0,0,2,0,0,0:1;-1,0,0,0,2,0,0,0:1~4,12,20|3~0~0~-4,0,0,0,4,0,0,0:1;-5,0,0,0,5,0,0,0:1;-5,0,0,0,4,0,0,0:1~8,16,0|3~0~0~0,0,0,0,3,0,0,0:1;-1,0,0,0,3,0,0,0:1;0,0,0,0,2,0,0,0:1~12,20,4|3~0~0~-4,0,0,0,4,0,0,0:1;-4,0,0,0,3,0,0,0:1;-3,0,0,0,3,0,0,0:1~16,0,8|3~0~0~-3,0,0,0,6,0,0,0:1;-4,0,0,0,7,0,0,0:1;-4,0,0,0,6,0,0,0:1~8,16,0
