E2 k=1 candidate count
k1CandidateCount = 93
size-1 regular = 3
global-K=0 distinct = 93
mixed-sign ghosts (eucl not pcflat) = 0
necklaces realised = 11 of 15
dead necklaces = ['3.3.4.12', '3.3.6.6', '3.4.3.12', '3.4.4.6']

size distribution:
  size 1: 3
  size 2: 12
  size 3: 5
  size 4: 18
  size 5: 2
  size 6: 20
  size 8: 19
  size 10: 7
  size 12: 7

per-necklace symbol counts:
  3.3.3.3.3.3    : 20  sizes={1: 1, 2: 3, 3: 1, 4: 1, 6: 7, 12: 7}
  3.3.3.3.6      : 1  sizes={10: 1}
  3.3.3.4.4      : 5  sizes={5: 1, 10: 4}
  3.3.4.3.4      : 3  sizes={5: 1, 10: 2}
  3.4.6.4        : 3  sizes={4: 1, 8: 2}
  3.6.3.6        : 5  sizes={2: 1, 4: 3, 8: 1}
  4.4.4.4        : 36  sizes={1: 1, 2: 6, 4: 13, 8: 16}
  3.12.12        : 3  sizes={3: 1, 6: 2}
  4.6.12         : 1  sizes={6: 1}
  4.8.8          : 5  sizes={3: 1, 6: 4}
  6.6.6          : 11  sizes={1: 1, 2: 2, 3: 2, 6: 6}

all 93 canonical forms:
(1, (0,), (0,), (0,), (3,), (6,))
(1, (0,), (0,), (0,), (4,), (4,))
(1, (0,), (0,), (0,), (6,), (3,))
(2, (0, 1), (0, 1), (1, 0), (3, 3), (6, 6))
(2, (0, 1), (0, 1), (1, 0), (3, 6), (4, 4))
(2, (0, 1), (0, 1), (1, 0), (4, 4), (4, 4))
(2, (0, 1), (1, 0), (0, 1), (4, 4), (4, 4))
(2, (0, 1), (1, 0), (1, 0), (4, 4), (4, 4))
(2, (0, 1), (1, 0), (1, 0), (6, 6), (3, 3))
(2, (1, 0), (0, 1), (1, 0), (4, 4), (4, 4))
(2, (1, 0), (1, 0), (0, 1), (3, 3), (6, 6))
(2, (1, 0), (1, 0), (0, 1), (4, 4), (4, 4))
(2, (1, 0), (1, 0), (1, 0), (3, 3), (6, 6))
(2, (1, 0), (1, 0), (1, 0), (4, 4), (4, 4))
(2, (1, 0), (1, 0), (1, 0), (6, 6), (3, 3))
(3, (0, 1, 2), (0, 2, 1), (1, 0, 2), (3, 12, 12), (3, 3, 3))
(3, (0, 1, 2), (0, 2, 1), (1, 0, 2), (4, 8, 8), (3, 3, 3))
(3, (0, 1, 2), (0, 2, 1), (1, 0, 2), (6, 6, 6), (3, 3, 3))
(3, (0, 2, 1), (1, 0, 2), (0, 2, 1), (3, 3, 3), (6, 6, 6))
(3, (0, 2, 1), (1, 0, 2), (0, 2, 1), (6, 6, 6), (3, 3, 3))
(4, (0, 1, 2, 3), (0, 2, 1, 3), (1, 0, 3, 2), (3, 4, 4, 6), (4, 4, 4, 4))
(4, (0, 1, 2, 3), (0, 2, 1, 3), (1, 0, 3, 2), (3, 6, 6, 3), (4, 4, 4, 4))
(4, (0, 1, 2, 3), (0, 2, 1, 3), (1, 0, 3, 2), (4, 4, 4, 4), (4, 4, 4, 4))
(4, (0, 1, 2, 3), (1, 0, 3, 2), (0, 2, 1, 3), (4, 4, 4, 4), (4, 4, 4, 4))
(4, (0, 1, 2, 3), (1, 0, 3, 2), (2, 3, 0, 1), (4, 4, 4, 4), (4, 4, 4, 4))
(4, (0, 2, 1, 3), (1, 0, 3, 2), (0, 2, 1, 3), (4, 4, 4, 4), (4, 4, 4, 4))
(4, (0, 3, 2, 1), (1, 0, 3, 2), (2, 1, 0, 3), (4, 4, 4, 4), (4, 4, 4, 4))
(4, (0, 3, 2, 1), (1, 0, 3, 2), (2, 3, 0, 1), (4, 4, 4, 4), (4, 4, 4, 4))
(4, (1, 0, 3, 2), (0, 1, 3, 2), (2, 3, 0, 1), (4, 4, 4, 4), (4, 4, 4, 4))
(4, (1, 0, 3, 2), (0, 1, 3, 2), (2, 3, 0, 1), (6, 6, 3, 3), (4, 4, 4, 4))
(4, (1, 0, 3, 2), (0, 2, 1, 3), (1, 0, 3, 2), (4, 4, 4, 4), (4, 4, 4, 4))
(4, (1, 0, 3, 2), (0, 2, 1, 3), (2, 3, 0, 1), (4, 4, 4, 4), (4, 4, 4, 4))
(4, (1, 0, 3, 2), (1, 0, 3, 2), (2, 3, 0, 1), (3, 3, 3, 3), (6, 6, 6, 6))
(4, (1, 0, 3, 2), (1, 0, 3, 2), (2, 3, 0, 1), (3, 3, 6, 6), (4, 4, 4, 4))
(4, (1, 0, 3, 2), (1, 0, 3, 2), (2, 3, 0, 1), (4, 4, 4, 4), (4, 4, 4, 4))
(4, (1, 0, 3, 2), (2, 3, 0, 1), (0, 1, 3, 2), (4, 4, 4, 4), (4, 4, 4, 4))
(4, (1, 0, 3, 2), (2, 3, 0, 1), (1, 0, 3, 2), (4, 4, 4, 4), (4, 4, 4, 4))
(4, (1, 0, 3, 2), (2, 3, 0, 1), (3, 2, 1, 0), (4, 4, 4, 4), (4, 4, 4, 4))
(5, (0, 1, 2, 4, 3), (1, 0, 3, 2, 4), (0, 2, 1, 4, 3), (4, 4, 3, 3, 3), (5, 5, 5, 5, 5))
(5, (0, 2, 1, 4, 3), (1, 0, 2, 4, 3), (0, 3, 4, 1, 2), (3, 3, 3, 4, 4), (5, 5, 5, 5, 5))
(6, (0, 1, 2, 3, 4, 5), (1, 0, 4, 5, 2, 3), (2, 3, 0, 1, 5, 4), (4, 4, 6, 12, 6, 12), (3, 3, 3, 3, 3, 3))
(6, (0, 1, 2, 3, 4, 5), (1, 0, 4, 5, 2, 3), (2, 3, 0, 1, 5, 4), (4, 4, 8, 8, 8, 8), (3, 3, 3, 3, 3, 3))
(6, (0, 1, 2, 3, 4, 5), (1, 0, 4, 5, 2, 3), (2, 3, 0, 1, 5, 4), (6, 6, 6, 6, 6, 6), (3, 3, 3, 3, 3, 3))
(6, (0, 1, 2, 3, 5, 4), (1, 0, 4, 5, 2, 3), (2, 3, 0, 1, 5, 4), (4, 4, 8, 8, 8, 8), (3, 3, 3, 3, 3, 3))
(6, (0, 1, 3, 2, 5, 4), (0, 2, 1, 3, 5, 4), (1, 0, 4, 5, 2, 3), (3, 3, 3, 3, 3, 3), (6, 6, 6, 6, 6, 6))
(6, (0, 3, 2, 1, 5, 4), (1, 0, 3, 2, 5, 4), (2, 4, 0, 5, 1, 3), (8, 8, 8, 8, 4, 4), (3, 3, 3, 3, 3, 3))
(6, (0, 3, 2, 1, 5, 4), (1, 0, 3, 2, 5, 4), (2, 4, 0, 5, 1, 3), (12, 12, 12, 12, 3, 3), (3, 3, 3, 3, 3, 3))
(6, (0, 3, 2, 1, 5, 4), (1, 0, 4, 3, 2, 5), (2, 3, 0, 1, 5, 4), (3, 3, 3, 3, 3, 3), (6, 6, 6, 6, 6, 6))
(6, (0, 3, 2, 1, 5, 4), (1, 0, 4, 5, 2, 3), (2, 3, 0, 1, 5, 4), (6, 6, 6, 6, 6, 6), (3, 3, 3, 3, 3, 3))
(6, (0, 3, 2, 1, 5, 4), (1, 0, 5, 3, 4, 2), (2, 4, 0, 5, 1, 3), (3, 3, 3, 3, 3, 3), (6, 6, 6, 6, 6, 6))
(6, (0, 3, 2, 1, 5, 4), (1, 0, 5, 4, 3, 2), (2, 4, 0, 5, 1, 3), (6, 6, 6, 6, 6, 6), (3, 3, 3, 3, 3, 3))
(6, (1, 0, 3, 2, 5, 4), (1, 0, 4, 5, 2, 3), (2, 3, 0, 1, 5, 4), (3, 3, 12, 12, 12, 12), (3, 3, 3, 3, 3, 3))
(6, (1, 0, 3, 2, 5, 4), (1, 0, 4, 5, 2, 3), (2, 3, 0, 1, 5, 4), (4, 4, 8, 8, 8, 8), (3, 3, 3, 3, 3, 3))
(6, (1, 0, 3, 2, 5, 4), (1, 0, 4, 5, 2, 3), (2, 3, 0, 1, 5, 4), (6, 6, 6, 6, 6, 6), (3, 3, 3, 3, 3, 3))
(6, (1, 0, 3, 2, 5, 4), (2, 4, 0, 5, 1, 3), (3, 2, 1, 0, 4, 5), (3, 3, 3, 3, 3, 3), (6, 6, 6, 6, 6, 6))
(6, (1, 0, 3, 2, 5, 4), (2, 4, 0, 5, 1, 3), (3, 2, 1, 0, 5, 4), (3, 3, 3, 3, 3, 3), (6, 6, 6, 6, 6, 6))
(6, (1, 0, 3, 2, 5, 4), (2, 4, 0, 5, 1, 3), (3, 2, 1, 0, 5, 4), (6, 6, 6, 6, 6, 6), (3, 3, 3, 3, 3, 3))
(6, (1, 0, 4, 5, 2, 3), (2, 3, 0, 1, 5, 4), (0, 1, 4, 5, 2, 3), (3, 3, 3, 3, 3, 3), (6, 6, 6, 6, 6, 6))
(6, (1, 0, 4, 5, 2, 3), (2, 3, 0, 1, 5, 4), (1, 0, 4, 5, 2, 3), (3, 3, 3, 3, 3, 3), (6, 6, 6, 6, 6, 6))
(6, (1, 0, 4, 5, 2, 3), (2, 3, 0, 1, 5, 4), (1, 0, 4, 5, 2, 3), (6, 6, 6, 6, 6, 6), (3, 3, 3, 3, 3, 3))
(8, (0, 1, 2, 3, 4, 5, 6, 7), (1, 0, 4, 5, 2, 3, 7, 6), (2, 3, 0, 1, 6, 7, 4, 5), (4, 4, 4, 4, 4, 4, 4, 4), (4, 4, 4, 4, 4, 4, 4, 4))
(8, (0, 1, 2, 3, 4, 7, 6, 5), (1, 0, 4, 5, 2, 3, 7, 6), (2, 3, 0, 1, 6, 7, 4, 5), (4, 4, 4, 4, 4, 4, 4, 4), (4, 4, 4, 4, 4, 4, 4, 4))
(8, (0, 1, 2, 3, 5, 4, 7, 6), (1, 0, 4, 5, 2, 3, 7, 6), (2, 3, 0, 1, 6, 7, 4, 5), (4, 4, 4, 4, 4, 4, 4, 4), (4, 4, 4, 4, 4, 4, 4, 4))
(8, (0, 1, 2, 3, 5, 4, 7, 6), (1, 0, 4, 5, 2, 3, 7, 6), (2, 3, 0, 1, 6, 7, 4, 5), (6, 6, 4, 4, 4, 4, 3, 3), (4, 4, 4, 4, 4, 4, 4, 4))
(8, (0, 3, 2, 1, 5, 4, 6, 7), (1, 0, 3, 2, 6, 7, 4, 5), (2, 4, 0, 5, 1, 3, 7, 6), (4, 4, 4, 4, 4, 4, 4, 4), (4, 4, 4, 4, 4, 4, 4, 4))
(8, (0, 3, 2, 1, 5, 4, 6, 7), (1, 0, 5, 6, 7, 2, 3, 4), (2, 4, 0, 5, 1, 3, 7, 6), (4, 4, 4, 4, 4, 4, 4, 4), (4, 4, 4, 4, 4, 4, 4, 4))
(8, (0, 3, 2, 1, 5, 4, 7, 6), (1, 0, 3, 2, 6, 7, 4, 5), (2, 4, 0, 5, 1, 3, 7, 6), (4, 4, 4, 4, 4, 4, 4, 4), (4, 4, 4, 4, 4, 4, 4, 4))
(8, (0, 3, 2, 1, 6, 5, 4, 7), (1, 0, 4, 5, 2, 3, 7, 6), (2, 3, 0, 1, 6, 7, 4, 5), (4, 4, 4, 4, 4, 4, 4, 4), (4, 4, 4, 4, 4, 4, 4, 4))
(8, (1, 0, 3, 2, 5, 4, 7, 6), (1, 0, 4, 5, 2, 3, 7, 6), (2, 3, 0, 1, 6, 7, 4, 5), (3, 3, 4, 4, 4, 4, 6, 6), (4, 4, 4, 4, 4, 4, 4, 4))
(8, (1, 0, 3, 2, 5, 4, 7, 6), (1, 0, 4, 5, 2, 3, 7, 6), (2, 3, 0, 1, 6, 7, 4, 5), (3, 3, 6, 6, 6, 6, 3, 3), (4, 4, 4, 4, 4, 4, 4, 4))
(8, (1, 0, 3, 2, 5, 4, 7, 6), (1, 0, 4, 5, 2, 3, 7, 6), (2, 3, 0, 1, 6, 7, 4, 5), (4, 4, 4, 4, 4, 4, 4, 4), (4, 4, 4, 4, 4, 4, 4, 4))
(8, (1, 0, 3, 2, 5, 4, 7, 6), (2, 3, 0, 1, 6, 7, 4, 5), (1, 0, 4, 5, 2, 3, 7, 6), (4, 4, 4, 4, 4, 4, 4, 4), (4, 4, 4, 4, 4, 4, 4, 4))
(8, (1, 0, 3, 2, 6, 7, 4, 5), (2, 4, 0, 5, 1, 3, 7, 6), (3, 2, 1, 0, 6, 7, 4, 5), (4, 4, 4, 4, 4, 4, 4, 4), (4, 4, 4, 4, 4, 4, 4, 4))
(8, (1, 0, 3, 2, 6, 7, 4, 5), (2, 4, 0, 5, 1, 3, 7, 6), (3, 2, 1, 0, 7, 6, 5, 4), (4, 4, 4, 4, 4, 4, 4, 4), (4, 4, 4, 4, 4, 4, 4, 4))
(8, (1, 0, 4, 5, 2, 3, 7, 6), (2, 3, 0, 1, 6, 7, 4, 5), (1, 0, 4, 5, 2, 3, 7, 6), (4, 4, 4, 4, 4, 4, 4, 4), (4, 4, 4, 4, 4, 4, 4, 4))
(8, (1, 0, 4, 5, 2, 3, 7, 6), (2, 3, 0, 1, 6, 7, 4, 5), (1, 0, 5, 4, 3, 2, 7, 6), (4, 4, 4, 4, 4, 4, 4, 4), (4, 4, 4, 4, 4, 4, 4, 4))
(8, (1, 0, 4, 5, 2, 3, 7, 6), (2, 4, 0, 7, 1, 6, 5, 3), (3, 5, 6, 0, 7, 1, 2, 4), (4, 4, 4, 4, 4, 4, 4, 4), (4, 4, 4, 4, 4, 4, 4, 4))
(8, (1, 0, 6, 5, 7, 3, 2, 4), (2, 4, 0, 6, 1, 7, 3, 5), (3, 5, 4, 0, 2, 1, 7, 6), (4, 4, 4, 4, 4, 4, 4, 4), (4, 4, 4, 4, 4, 4, 4, 4))
(8, (1, 0, 6, 5, 7, 3, 2, 4), (2, 4, 0, 6, 1, 7, 3, 5), (3, 5, 7, 0, 6, 1, 4, 2), (4, 4, 4, 4, 4, 4, 4, 4), (4, 4, 4, 4, 4, 4, 4, 4))
(10, (0, 3, 2, 1, 5, 4, 8, 9, 6, 7), (1, 0, 3, 2, 6, 7, 4, 5, 9, 8), (2, 4, 0, 5, 1, 3, 8, 9, 6, 7), (4, 4, 4, 4, 3, 3, 3, 3, 3, 3), (5, 5, 5, 5, 5, 5, 5, 5, 5, 5))
(10, (0, 3, 2, 1, 5, 4, 8, 9, 6, 7), (1, 0, 3, 2, 6, 7, 4, 5, 9, 8), (2, 4, 0, 5, 1, 3, 9, 8, 7, 6), (4, 4, 4, 4, 3, 3, 3, 3, 3, 3), (5, 5, 5, 5, 5, 5, 5, 5, 5, 5))
(10, (1, 0, 3, 2, 5, 4, 7, 6, 9, 8), (2, 4, 0, 5, 1, 3, 8, 9, 6, 7), (3, 2, 1, 0, 6, 7, 4, 5, 9, 8), (3, 3, 3, 3, 3, 3, 4, 4, 4, 4), (5, 5, 5, 5, 5, 5, 5, 5, 5, 5))
(10, (1, 0, 3, 2, 5, 4, 8, 9, 6, 7), (2, 3, 0, 1, 6, 7, 4, 5, 9, 8), (1, 0, 4, 5, 2, 3, 8, 9, 6, 7), (4, 4, 4, 4, 3, 3, 3, 3, 3, 3), (5, 5, 5, 5, 5, 5, 5, 5, 5, 5))
(10, (1, 0, 3, 2, 6, 7, 4, 5, 9, 8), (1, 0, 4, 5, 2, 3, 7, 6, 9, 8), (2, 3, 0, 1, 6, 8, 4, 9, 5, 7), (3, 3, 3, 3, 3, 3, 3, 3, 6, 6), (5, 5, 5, 5, 5, 5, 5, 5, 5, 5))
(10, (1, 0, 3, 2, 6, 7, 4, 5, 9, 8), (1, 0, 4, 5, 2, 3, 7, 6, 9, 8), (2, 3, 0, 1, 6, 8, 4, 9, 5, 7), (4, 4, 3, 3, 3, 3, 3, 3, 4, 4), (5, 5, 5, 5, 5, 5, 5, 5, 5, 5))
(10, (1, 0, 4, 5, 2, 3, 7, 6, 9, 8), (2, 4, 0, 7, 1, 8, 9, 3, 5, 6), (3, 5, 6, 0, 7, 1, 2, 4, 9, 8), (4, 4, 4, 3, 4, 3, 3, 3, 3, 3), (5, 5, 5, 5, 5, 5, 5, 5, 5, 5))
(12, (1, 0, 3, 2, 5, 4, 7, 6, 10, 11, 8, 9), (2, 4, 0, 5, 1, 3, 8, 9, 6, 7, 11, 10), (3, 2, 1, 0, 6, 7, 4, 5, 10, 11, 8, 9), (3, 3, 3, 3, 3, 3, 3, 3, 3, 3, 3, 3), (6, 6, 6, 6, 6, 6, 6, 6, 6, 6, 6, 6))
(12, (1, 0, 3, 2, 5, 4, 7, 6, 10, 11, 8, 9), (2, 4, 0, 5, 1, 3, 8, 9, 6, 7, 11, 10), (3, 2, 1, 0, 6, 7, 4, 5, 11, 10, 9, 8), (3, 3, 3, 3, 3, 3, 3, 3, 3, 3, 3, 3), (6, 6, 6, 6, 6, 6, 6, 6, 6, 6, 6, 6))
(12, (1, 0, 3, 2, 6, 8, 4, 10, 5, 11, 7, 9), (1, 0, 4, 5, 2, 3, 8, 10, 6, 11, 7, 9), (2, 3, 0, 1, 7, 9, 10, 4, 11, 5, 6, 8), (3, 3, 3, 3, 3, 3, 3, 3, 3, 3, 3, 3), (6, 6, 6, 6, 6, 6, 6, 6, 6, 6, 6, 6))
(12, (1, 0, 4, 5, 2, 3, 7, 6, 10, 11, 8, 9), (2, 3, 0, 1, 5, 4, 8, 9, 6, 7, 11, 10), (1, 0, 4, 6, 2, 7, 3, 5, 10, 11, 8, 9), (3, 3, 3, 3, 3, 3, 3, 3, 3, 3, 3, 3), (6, 6, 6, 6, 6, 6, 6, 6, 6, 6, 6, 6))
(12, (1, 0, 4, 6, 2, 8, 3, 9, 5, 7, 11, 10), (2, 3, 0, 1, 6, 9, 4, 10, 11, 5, 7, 8), (1, 0, 5, 7, 8, 2, 9, 3, 4, 6, 11, 10), (3, 3, 3, 3, 3, 3, 3, 3, 3, 3, 3, 3), (6, 6, 6, 6, 6, 6, 6, 6, 6, 6, 6, 6))
(12, (1, 0, 6, 5, 9, 3, 2, 8, 7, 4, 11, 10), (2, 4, 0, 8, 1, 11, 9, 10, 3, 6, 7, 5), (3, 5, 7, 0, 10, 1, 8, 2, 6, 11, 4, 9), (3, 3, 3, 3, 3, 3, 3, 3, 3, 3, 3, 3), (6, 6, 6, 6, 6, 6, 6, 6, 6, 6, 6, 6))
(12, (1, 0, 6, 5, 9, 3, 2, 11, 10, 4, 8, 7), (2, 4, 0, 8, 1, 11, 9, 10, 3, 6, 7, 5), (3, 5, 7, 0, 10, 1, 11, 2, 9, 8, 4, 6), (3, 3, 3, 3, 3, 3, 3, 3, 3, 3, 3, 3), (6, 6, 6, 6, 6, 6, 6, 6, 6, 6, 6, 6))
